8888888888888888888888888888888888888888888888888888888888888888888888888888888
8888888888888888888888888888888888888888888888888888888888888888888888888888888
8888888888888888888888888888888888888888888888888888888888888888888888888888888
8888888888888888888888888888888888888888888888888888888888888888888888888888888
8833388833333888838888333338833333888888888888888888888888888888888888888888888
8388888888388883888388388888838888888888888888888888888888888888888888888888888
8883888888388883333388388338833333888888888888888888888888888888888888888888888
8888838888388883888388388838838888888888888888888888888888888888888888888888888
8833388888388883888388333338833333888888888888888888888888888888888888888888888
8888888888888888888888888888888888888888888888888888888888888888888888888888888
8888888888888888888888888888888888888888888888888888888888888888888888888888888
8888888833333883333388388888388333338838888883333388333338833333888838888883888
8888888838883883888388388888388388838838888883888888883888838888888838888883888
8888888838888883888388338883388333338838888883333388883888833333888838888883888
8888888838883883888388383338388388888838888883888888883888838888888888888888888
8888888833333883333388388388388388888833333883333388883888833333888838888883888
8888888888888888888888888888888888888888888888888888888888888888888888888888888
8888888888888888888888888888888888888888888888888888888888888888888888888888888
8888888888888888888888888888888888888888888888888888888888888888888888888888888
8888888888888888888888888888888888888888888888888888888888888888888888888888888
8888888888888888888888888888888888888888888888888888888888888888888888888888888
8888888888888888888888888888888888888888888888888888888888888888888888888888888
8888888888888888888888888888888888888888888888888888888888888888888888888888888
8888888888888888888888888888888888888888888888888888888888888888888888888888888
8888888888888888888888888888888888888888888888888888888888888888888888888888888