8888888888888888888888888888888888888888888888888888888888888888888888888888888
8888888888888888888888888888888888888888888888888888888888888888888888888888888
8888888888888888888888888888888888888888888888888888888888888888888888888888888
8888888888888888888888888888888888888888888888888888888888888888888888888888888
8333338883888888333338833333883888388888888333338883888888333338833333883888388
8388883883888888388838838883883883888888888388883883888888388838838883883883888
8333338883888888388838838888883338888888888333338883888888388838838888883338888
8388883883888888388838838883883883888888888388883883888888388838838883883883888
8333338883333388333338833333883888388888888333338883333388333338833333883888388
8888888888888888888888888888888888888888888888888888888888888888888888888888888
8888888888888888888888888888888888888888888888888888888888888888888888888888888
8888888888888888888888888888888888888888888888888888888888888888888888888888888
8888888888888888888888888888888888888888888888888888888888888888888888888888888
8888888888888888888888888888888888888888888888888888888888888888888888888888888
8888888888888888888888888888888888888888888888888888888888888888888888888888888
8888888888888888888888888888888888888888888888888888888888888888888888888888888
8888888888888888888888888888888888888888888888888888888888888888888888888888888
8888888888888888888888888888888888888888888888888888888888888888888888888888888
8333338833333883333388833388883338888888888833333883888838833333883333388333338
8388838838883883888888388888838888888888888838888883388838888388883888888388838
8333338833333883333388883888888388888888888833333883838838888388883333388333888
8388888838838883888888888838888883888888888838888883883838888388883888888388388
8388888838883883333388833388883338888888888833333883888338888388883333388388838
8888888888888888888888888888888888888888888888888888888888888888888888888888888
8888888888888888888888888888888888888888888888888888888888888888888888888888888