8888888888888888888888888888888888888888888888888888888888888888888888888888888
8888888333338838883888838888388883883888388838883883333388388838888888888888888
8888888883888838883883888388338883883883888838883883888388388838888888888888888
8888888883888833333883333388383883883338888888388883888388388838888888888888888
8888888883888838883883888388388383883883888888388883888388388838888888888888888
8888888883888838883883888388388833883888388888388883333388833388888888888888888
8888888888888888888888888888888888888888888888888888888888888888888888888888888
8888888888888888888888888833333883333388333338888888888888888888888888888888888
8888888888888888888888888838888883888388388838888888888888888888888888888888888
8888888888888888888888888833333883888388333888888888888888888888888888888888888
8888888888888888888888888838888883888388388388888888888888888888888888888888888
8888888888888888888888888838888883333388388838888888888888888888888888888888888
8888888888888888888888888888888888888888888888888888888888888888888888888888888
8888888888883333388388888888388883888388833388838888388333338888388888838888888
8888888888883888388388888838883883888388883888833888388388888888388888838888888
8888888888883333388388888833333888838888883888838388388388338888388888838888888
8888888888883888888388888838883888838888883888838838388388838888888888888888888
8888888888883888888333338838883888838888833388838883388333338888388888838888888
8888888888888888888888888888888888888888888888888888888888888888888888888888888
8333338833333883333388833388883338888888888833333883888838833333883333388333338
8388838838883883888888388888838888888888888838888883388838888388883888888388838
8333338833388883333388883888888388888888888833333883838838888388883333388333888
8388888838838883888888888838888883888888888838888883883838888388883888888388388
8388888838883883333388833388883338888888888833333883888338888388883333388388838
8888888888888888888888888888888888888888888888888888888888888888888888888888888